Iteration, X position,Y position,Z position,X Velocity,Y Velocity,Z Velocity,Alpha,Phi,Omega 
0.000000 , 0.001000 , 0.001000 ,-1.000000 , 13.624548 ,0.000000 , -1.435858 ,11.000790 , 0.000000 ,50.000000 
1.000000 , 0.068994 , 0.001000 ,-1.007278 , 13.573129 ,0.000011 , -1.474819 ,10.959121 , 0.021657 ,49.964200 
2.000000 , 0.136732 , 0.001000 ,-1.014744 , 13.522253 ,0.000100 , -1.511463 ,10.854058 , 0.105968 ,49.912424 
3.000000 , 0.204218 , 0.001001 ,-1.022388 , 13.471998 ,0.000373 , -1.545609 ,10.720787 , 0.268807 ,49.857661 
4.000000 , 0.271453 , 0.001004 ,-1.030196 , 13.422373 ,0.000935 , -1.577294 ,10.593609 , 0.508085 ,49.810506 
5.000000 , 0.338442 , 0.001011 ,-1.038157 , 13.373337 ,0.001871 , -1.606733 ,10.499617 , 0.807506 ,49.777558 
6.000000 , 0.405187 , 0.001024 ,-1.046260 , 13.324807 ,0.003233 , -1.634257 ,10.454138 , 1.142125 ,49.761120 
7.000000 , 0.471691 , 0.001044 ,-1.054497 , 13.276691 ,0.005036 , -1.660231 ,10.460224 , 1.485071 ,49.760138 
8.000000 , 0.537955 , 0.001075 ,-1.062861 , 13.228901 ,0.007267 , -1.684986 ,10.509863 , 1.812956 ,49.771036 
9.000000 , 0.603980 , 0.001118 ,-1.071345 , 13.181371 ,0.009887 , -1.708770 ,10.587840 , 2.110086 ,49.788822 
10.000000 , 0.669769 , 0.001174 ,-1.079947 , 13.134068 ,0.012844 , -1.731723 ,10.675742 , 2.369844 ,49.807936 
11.000000 , 0.735322 , 0.001247 ,-1.088661 , 13.086988 ,0.016083 , -1.753875 ,10.756439 , 2.594844 ,49.823389 
12.000000 , 0.800639 , 0.001336 ,-1.097484 , 13.040154 ,0.019555 , -1.775176 ,10.816631 , 2.794369 ,49.831465 
13.000000 , 0.865724 , 0.001442 ,-1.106412 , 12.993605 ,0.023223 , -1.795516 ,10.850073 , 2.981895 ,49.830757 
14.000000 , 0.930576 , 0.001568 ,-1.115438 , 12.947386 ,0.027067 , -1.814777 ,10.856387 , 3.171143 ,49.821800 
15.000000 , 0.995198 , 0.001713 ,-1.124557 , 12.901536 ,0.031086 , -1.832864 ,10.840877 , 3.373518 ,49.806876 
16.000000 , 1.059592 , 0.001879 ,-1.133764 , 12.856079 ,0.035288 , -1.849720 ,10.812254 , 3.596114 ,49.789127 
17.000000 , 1.123759 , 0.002067 ,-1.143052 , 12.811024 ,0.039690 , -1.865346 ,10.780461 , 3.841060 ,49.771755 
18.000000 , 1.187703 , 0.002277 ,-1.152416 , 12.766362 ,0.044311 , -1.879793 ,10.754348 , 4.105778 ,49.757293 
19.000000 , 1.251424 , 0.002510 ,-1.161849 , 12.722075 ,0.049166 , -1.893149 ,10.740275 , 4.384357 ,49.747293 
20.000000 , 1.314924 , 0.002769 ,-1.171346 , 12.678133 ,0.054266 , -1.905524 ,10.741007 , 4.669169 ,49.742135 
21.000000 , 1.378206 , 0.003053 ,-1.180902 , 12.634508 ,0.059612 , -1.917028 ,10.755954 , 4.952738 ,49.741244 
22.000000 , 1.441270 , 0.003365 ,-1.190515 , 12.591176 ,0.065199 , -1.927756 ,10.781748 , 5.229108 ,49.743320 
23.000000 , 1.504118 , 0.003706 ,-1.200179 , 12.548120 ,0.071014 , -1.937776 ,10.813351 , 5.494817 ,49.746694 
24.000000 , 1.566751 , 0.004076 ,-1.209891 , 12.505331 ,0.077043 , -1.947126 ,10.845406 , 5.749160 ,49.749717 
25.000000 , 1.629172 , 0.004476 ,-1.219649 , 12.462810 ,0.083267 , -1.955818 ,10.873205 , 5.993868 ,49.751031 
26.000000 , 1.691380 , 0.004909 ,-1.229448 , 12.420562 ,0.089672 , -1.963842 ,10.893679 , 6.232356 ,49.749845 
27.000000 , 1.753378 , 0.005373 ,-1.239286 , 12.378599 ,0.096244 , -1.971180 ,10.905819 , 6.468834 ,49.746041 
28.000000 , 1.815166 , 0.005871 ,-1.249159 , 12.336928 ,0.102976 , -1.977813 ,10.910346 , 6.707173 ,49.740027 
29.000000 , 1.876747 , 0.006403 ,-1.259063 , 12.295558 ,0.109864 , -1.983731 ,10.909468 , 6.950282 ,49.732630 
30.000000 , 1.938122 , 0.006970 ,-1.268995 , 12.254488 ,0.116909 , -1.988938 ,10.906142 , 7.199586 ,49.724833 
31.000000 , 1.999293 , 0.007573 ,-1.278951 , 12.213718 ,0.124111 , -1.993451 ,10.903393 , 7.455003 ,49.717562 
32.000000 , 2.060260 , 0.008212 ,-1.288929 , 12.173240 ,0.131475 , -1.997303 ,10.903687 , 7.715137 ,49.711498 
33.000000 , 2.121026 , 0.008888 ,-1.298923 , 12.133044 ,0.139004 , -2.000531 ,10.908540 , 7.977765 ,49.706991 
34.000000 , 2.181591 , 0.009602 ,-1.308933 , 12.093120 ,0.146698 , -2.003178 ,10.918305 , 8.240372 ,49.704028 
35.000000 , 2.241957 , 0.010355 ,-1.318954 , 12.053456 ,0.154557 , -2.005284 ,10.932339 , 8.500725 ,49.702305 
36.000000 , 2.302126 , 0.011148 ,-1.328985 , 12.014043 ,0.162578 , -2.006882 ,10.949243 , 8.757215 ,49.701320 
37.000000 , 2.362098 , 0.011981 ,-1.339022 , 11.974877 ,0.170754 , -2.007996 ,10.967282 , 9.009151 ,49.700507 
38.000000 , 2.421875 , 0.012856 ,-1.349064 , 11.935954 ,0.179080 , -2.008642 ,10.984729 , 9.256656 ,49.699339 
39.000000 , 2.481458 , 0.013772 ,-1.359108 , 11.897272 ,0.187548 , -2.008828 ,11.000319 , 9.500620 ,49.697462 
40.000000 , 2.540848 , 0.014731 ,-1.369152 , 11.858832 ,0.196152 , -2.008557 ,11.013303 , 9.742328 ,49.694699 
41.000000 , 2.600047 , 0.015734 ,-1.379193 , 11.820635 ,0.204887 , -2.007829 ,11.023662 , 9.983138 ,49.691102 
42.000000 , 2.659055 , 0.016780 ,-1.389229 , 11.782682 ,0.213749 , -2.006648 ,11.031910 , 10.224236 ,49.686885 
43.000000 , 2.717874 , 0.017871 ,-1.399258 , 11.744973 ,0.222735 , -2.005018 ,11.038957 , 10.466344 ,49.682361 
44.000000 , 2.776505 , 0.019008 ,-1.409279 , 11.707504 ,0.231843 , -2.002949 ,11.045874 , 10.709678 ,49.677872 
45.000000 , 2.834949 , 0.020190 ,-1.419287 , 11.670274 ,0.241074 , -2.000456 ,11.053616 , 10.953956 ,49.673701 
46.000000 , 2.893208 , 0.021419 ,-1.429282 , 11.633276 ,0.250428 , -1.997554 ,11.062896 , 11.198509 ,49.670039 
47.000000 , 2.951283 , 0.022695 ,-1.439262 , 11.596507 ,0.259905 , -1.994263 ,11.074116 , 11.442486 ,49.666974 
48.000000 , 3.009174 , 0.024018 ,-1.449224 , 11.559960 ,0.269503 , -1.990602 ,11.087134 , 11.684991 ,49.664420 
49.000000 , 3.066883 , 0.025390 ,-1.459168 , 11.523630 ,0.279222 , -1.986587 ,11.101587 , 11.925317 ,49.662232 
50.000000 , 3.124410 , 0.026811 ,-1.469090 , 11.487514 ,0.289059 , -1.982233 ,11.116903 , 12.163048 ,49.660215 
51.000000 , 3.181758 , 0.028281 ,-1.478989 , 11.451609 ,0.299011 , -1.977552 ,11.132442 , 12.398100 ,49.658162 
52.000000 , 3.238927 , 0.029801 ,-1.488865 , 11.415912 ,0.309074 , -1.972550 ,11.147638 , 12.630645 ,49.655901 
53.000000 , 3.295918 , 0.031372 ,-1.498714 , 11.380422 ,0.319245 , -1.967234 ,11.162149 , 12.861101 ,49.653342 
54.000000 , 3.352731 , 0.032993 ,-1.508537 , 11.345138 ,0.329521 , -1.961610 ,11.175815 , 13.089965 ,49.650453 
55.000000 , 3.409369 , 0.034667 ,-1.518330 , 11.310058 ,0.339899 , -1.955680 ,11.188746 , 13.317707 ,49.647287 
56.000000 , 3.465832 , 0.036393 ,-1.528093 , 11.275181 ,0.350377 , -1.949451 ,11.201233 , 13.544673 ,49.643950 
57.000000 , 3.522121 , 0.038171 ,-1.537824 , 11.240506 ,0.360952 , -1.942928 ,11.213652 , 13.771055 ,49.640568 
58.000000 , 3.578238 , 0.040002 ,-1.547522 , 11.206029 ,0.371625 , -1.936119 ,11.226395 , 13.996800 ,49.637261 
59.000000 , 3.634182 , 0.041887 ,-1.557185 , 11.171749 ,0.382393 , -1.929033 ,11.239794 , 14.221724 ,49.634127 
60.000000 , 3.689955 , 0.043826 ,-1.566812 , 11.137662 ,0.393257 , -1.921679 ,11.254048 , 14.445523 ,49.631215 
61.000000 , 3.745559 , 0.045820 ,-1.576401 , 11.103765 ,0.404215 , -1.914068 ,11.269174 , 14.667860 ,49.628518 
62.000000 , 3.800993 , 0.047869 ,-1.585952 , 11.070055 ,0.415266 , -1.906207 ,11.285122 , 14.888399 ,49.626006 
63.000000 , 3.856260 , 0.049973 ,-1.595463 , 11.036530 ,0.426409 , -1.898107 ,11.301700 , 15.106919 ,49.623608 
64.000000 , 3.911359 , 0.052133 ,-1.604932 , 11.003186 ,0.437642 , -1.889773 ,11.318612 , 15.323345 ,49.621226 
65.000000 , 3.966292 , 0.054349 ,-1.614360 , 10.970021 ,0.448963 , -1.881212 ,11.335635 , 15.537695 ,49.618788 
66.000000 , 4.021060 , 0.056623 ,-1.623744 , 10.937035 ,0.460370 , -1.872429 ,11.352585 , 15.750090 ,49.616239 
67.000000 , 4.075663 , 0.058953 ,-1.633084 , 10.904225 ,0.471860 , -1.863428 ,11.369384 , 15.960730 ,49.613562 
68.000000 , 4.130102 , 0.061341 ,-1.642378 , 10.871591 ,0.483433 , -1.854213 ,11.386014 , 16.169815 ,49.610757 
69.000000 , 4.184379 , 0.063788 ,-1.651626 , 10.839129 ,0.495085 , -1.844788 ,11.402554 , 16.377513 ,49.607856 
70.000000 , 4.238494 , 0.066292 ,-1.660826 , 10.806840 ,0.506815 , -1.835157 ,11.419170 , 16.583918 ,49.604916 
71.000000 , 4.292448 , 0.068856 ,-1.669977 , 10.774721 ,0.518623 , -1.825325 ,11.436015 , 16.789062 ,49.601987 
72.000000 , 4.346241 , 0.071479 ,-1.679079 , 10.742769 ,0.530507 , -1.815297 ,11.453239 , 16.992906 ,49.599115 
73.000000 , 4.399875 , 0.074161 ,-1.688130 , 10.710984 ,0.542467 , -1.805079 ,11.470937 , 17.195317 ,49.596328 
74.000000 , 4.453351 , 0.076904 ,-1.697129 , 10.679363 ,0.554500 , -1.794675 ,11.489160 , 17.396167 ,49.593635 
75.000000 , 4.506669 , 0.079706 ,-1.706076 , 10.647904 ,0.566607 , -1.784091 ,11.507912 , 17.595320 ,49.591035 
76.000000 , 4.559831 , 0.082570 ,-1.714970 , 10.616605 ,0.578786 , -1.773333 ,11.527108 , 17.792664 ,49.588494 
77.000000 , 4.612836 , 0.085494 ,-1.723809 , 10.585464 ,0.591035 , -1.762404 ,11.546638 , 17.988148 ,49.585974 
78.000000 , 4.665685 , 0.088480 ,-1.732593 , 10.554479 ,0.603354 , -1.751309 ,11.566399 , 18.181751 ,49.583442 
79.000000 , 4.718381 , 0.091528 ,-1.741322 , 10.523649 ,0.615740 , -1.740052 ,11.586298 , 18.373505 ,49.580867 
80.000000 , 4.770922 , 0.094638 ,-1.749994 , 10.492972 ,0.628194 , -1.728635 ,11.606283 , 18.563515 ,49.578235 
81.000000 , 4.823311 , 0.097810 ,-1.758608 , 10.462447 ,0.640711 , -1.717062 ,11.626352 , 18.751862 ,49.575550 
82.000000 , 4.875547 , 0.101045 ,-1.767164 , 10.432072 ,0.653293 , -1.705336 ,11.646488 , 18.938631 ,49.572807 
83.000000 , 4.927632 , 0.104343 ,-1.775661 , 10.401847 ,0.665936 , -1.693460 ,11.666739 , 19.123887 ,49.570026 
84.000000 , 4.979566 , 0.107704 ,-1.784098 , 10.371769 ,0.678641 , -1.681436 ,11.687215 , 19.307664 ,49.567245 
85.000000 , 5.031350 , 0.111129 ,-1.792475 , 10.341838 ,0.691405 , -1.669267 ,11.707986 , 19.489942 ,49.564485 
86.000000 , 5.082984 , 0.114619 ,-1.800791 , 10.312052 ,0.704229 , -1.656958 ,11.729101 , 19.670691 ,49.561763 
87.000000 , 5.134470 , 0.118172 ,-1.809045 , 10.282408 ,0.717111 , -1.644512 ,11.750587 , 19.849857 ,49.559086 
88.000000 , 5.185809 , 0.121790 ,-1.817236 , 10.252906 ,0.730049 , -1.631931 ,11.772439 , 20.027366 ,49.556449 
89.000000 , 5.237000 , 0.125472 ,-1.825364 , 10.223544 ,0.743044 , -1.619219 ,11.794626 , 20.203175 ,49.553843 
90.000000 , 5.288044 , 0.129220 ,-1.833428 , 10.194321 ,0.756094 , -1.606380 ,11.817114 , 20.377241 ,49.551252 
91.000000 , 5.338943 , 0.133033 ,-1.841427 , 10.165235 ,0.769199 , -1.593415 ,11.839850 , 20.549555 ,49.548662 
92.000000 , 5.389697 , 0.136912 ,-1.849362 , 10.136284 ,0.782355 , -1.580327 ,11.862775 , 20.720151 ,49.546051 
93.000000 , 5.440306 , 0.140857 ,-1.857230 , 10.107468 ,0.795564 , -1.567120 ,11.885864 , 20.889070 ,49.543414 
94.000000 , 5.490772 , 0.144868 ,-1.865033 , 10.078786 ,0.808823 , -1.553794 ,11.909088 , 21.056349 ,49.540742 
95.000000 , 5.541094 , 0.148945 ,-1.872768 , 10.050236 ,0.822131 , -1.540352 ,11.932445 , 21.222033 ,49.538037 
96.000000 , 5.591274 , 0.153089 ,-1.880436 , 10.021816 ,0.835488 , -1.526797 ,11.955974 , 21.386172 ,49.535313 
97.000000 , 5.641313 , 0.157300 ,-1.888036 , 9.993527 ,0.848892 , -1.513130 ,11.979719 , 21.548778 ,49.532588 
98.000000 , 5.691210 , 0.161578 ,-1.895567 , 9.965366 ,0.862343 , -1.499353 ,12.003699 , 21.709861 ,49.529867 
99.000000 , 5.740967 , 0.165924 ,-1.903029 , 9.937333 ,0.875838 , -1.485469 ,12.027932 , 21.869424 ,49.527158 
100.000000 , 5.790583 , 0.170337 ,-1.910422 , 9.909425 ,0.889379 , -1.471479 ,12.052442 , 22.027442 ,49.524469 
101.000000 , 5.840061 , 0.174818 ,-1.917744 , 9.881643 ,0.902963 , -1.457387 ,12.077248 , 22.183871 ,49.521806 
102.000000 , 5.889400 , 0.179367 ,-1.924995 , 9.853984 ,0.916590 , -1.443194 ,12.102326 , 22.338692 ,49.519160 
103.000000 , 5.938601 , 0.183984 ,-1.932176 , 9.826447 ,0.930259 , -1.428902 ,12.127652 , 22.491884 ,49.516523 
104.000000 , 5.987665 , 0.188669 ,-1.939284 , 9.799032 ,0.943969 , -1.414514 ,12.153200 , 22.643440 ,49.513887 
105.000000 , 6.036592 , 0.193423 ,-1.946321 , 9.771737 ,0.957720 , -1.400030 ,12.178935 , 22.793381 ,49.511240 
106.000000 , 6.085382 , 0.198247 ,-1.953284 , 9.744561 ,0.971510 , -1.385454 ,12.204839 , 22.941742 ,49.508578 
107.000000 , 6.134037 , 0.203139 ,-1.960175 , 9.717503 ,0.985338 , -1.370786 ,12.230907 , 23.088546 ,49.505901 
108.000000 , 6.182557 , 0.208100 ,-1.966992 , 9.690562 ,0.999203 , -1.356029 ,12.257109 , 23.233811 ,49.503198 
109.000000 , 6.230943 , 0.213131 ,-1.973735 , 9.663737 ,1.013105 , -1.341183 ,12.283445 , 23.377564 ,49.500473 
110.000000 , 6.279195 , 0.218231 ,-1.980404 , 9.637026 ,1.027042 , -1.326250 ,12.309948 , 23.519839 ,49.497738 
111.000000 , 6.327314 , 0.223401 ,-1.986997 , 9.610430 ,1.041015 , -1.311232 ,12.336668 , 23.660665 ,49.495012 
112.000000 , 6.375300 , 0.228641 ,-1.993516 , 9.583947 ,1.055021 , -1.296130 ,12.363606 , 23.800013 ,49.492296 
113.000000 , 6.423153 , 0.233951 ,-1.999959 , 9.557576 ,1.069061 , -1.280946 ,12.390767 , 23.937883 ,49.489592 
114.000000 , 6.470875 , 0.239332 ,-2.006325 , 9.531315 ,1.083133 , -1.265681 ,12.418151 , 24.074268 ,49.486902 
115.000000 , 6.518467 , 0.244783 ,-2.012615 , 9.505164 ,1.097237 , -1.250338 ,12.445752 , 24.209150 ,49.484223 
116.000000 , 6.565927 , 0.250304 ,-2.018828 , 9.479122 ,1.111373 , -1.234917 ,12.473561 , 24.342514 ,49.481552 
117.000000 , 6.613258 , 0.255897 ,-2.024964 , 9.453188 ,1.125538 , -1.219421 ,12.501561 , 24.474388 ,49.478886 
118.000000 , 6.660459 , 0.261560 ,-2.031023 , 9.427361 ,1.139734 , -1.203850 ,12.529722 , 24.604747 ,49.476213 
119.000000 , 6.707532 , 0.267294 ,-2.037003 , 9.401640 ,1.153958 , -1.188206 ,12.558017 , 24.733580 ,49.473524 
120.000000 , 6.754476 , 0.273099 ,-2.042905 , 9.376023 ,1.168211 , -1.172490 ,12.586428 , 24.860911 ,49.470814 
121.000000 , 6.801292 , 0.278976 ,-2.048728 , 9.350511 ,1.182491 , -1.156704 ,12.614945 , 24.986797 ,49.468083 
122.000000 , 6.847981 , 0.284924 ,-2.054471 , 9.325102 ,1.196798 , -1.140848 ,12.643575 , 25.111318 ,49.465335 
123.000000 , 6.894543 , 0.290944 ,-2.060136 , 9.299795 ,1.211130 , -1.124923 ,12.672360 , 25.234458 ,49.462588 
124.000000 , 6.940979 , 0.297036 ,-2.065721 , 9.274590 ,1.225488 , -1.108932 ,12.701300 , 25.356225 ,49.459841 
125.000000 , 6.987289 , 0.303199 ,-2.071225 , 9.249485 ,1.239870 , -1.092874 ,12.730391 , 25.476631 ,49.457096 
126.000000 , 7.033474 , 0.309434 ,-2.076649 , 9.224480 ,1.254277 , -1.076752 ,12.759644 , 25.595673 ,49.454356 
127.000000 , 7.079534 , 0.315742 ,-2.081993 , 9.199574 ,1.268707 , -1.060566 ,12.789083 , 25.713334 ,49.451631 
128.000000 , 7.125470 , 0.322122 ,-2.087255 , 9.174766 ,1.283160 , -1.044319 ,12.818732 , 25.829585 ,49.448931 
129.000000 , 7.171282 , 0.328574 ,-2.092436 , 9.150055 ,1.297635 , -1.028010 ,12.848550 , 25.944424 ,49.446240 
130.000000 , 7.216971 , 0.335098 ,-2.097535 , 9.125440 ,1.312132 , -1.011642 ,12.878506 , 26.057834 ,49.443549 
131.000000 , 7.262537 , 0.341695 ,-2.102552 , 9.100920 ,1.326651 , -0.995215 ,12.908576 , 26.169819 ,49.440849 
132.000000 , 7.307980 , 0.348365 ,-2.107487 , 9.076495 ,1.341190 , -0.978730 ,12.938732 , 26.280409 ,49.438133 
133.000000 , 7.353302 , 0.355107 ,-2.112339 , 9.052163 ,1.355748 , -0.962190 ,12.968961 , 26.389655 ,49.435396 
134.000000 , 7.398502 , 0.361922 ,-2.117109 , 9.027924 ,1.370326 , -0.945593 ,12.999283 , 26.497579 ,49.432650 
135.000000 , 7.443581 , 0.368810 ,-2.121795 , 9.003778 ,1.384923 , -0.928942 ,13.029676 , 26.604197 ,49.429886 
136.000000 , 7.488540 , 0.375771 ,-2.126398 , 8.979723 ,1.399538 , -0.912237 ,13.060132 , 26.709529 ,49.427103 
137.000000 , 7.533379 , 0.382806 ,-2.130917 , 8.955758 ,1.414171 , -0.895480 ,13.090671 , 26.813594 ,49.424311 
138.000000 , 7.578098 , 0.389913 ,-2.135353 , 8.931884 ,1.428821 , -0.878671 ,13.121342 , 26.916408 ,49.421529 
139.000000 , 7.622698 , 0.397094 ,-2.139704 , 8.908098 ,1.443488 , -0.861811 ,13.152170 , 27.017964 ,49.418768 
140.000000 , 7.667179 , 0.404348 ,-2.143971 , 8.884401 ,1.458170 , -0.844901 ,13.183137 , 27.118235 ,49.416022 
141.000000 , 7.711542 , 0.411676 ,-2.148153 , 8.860791 ,1.472869 , -0.827943 ,13.214240 , 27.217209 ,49.413290 
142.000000 , 7.755787 , 0.419077 ,-2.152250 , 8.837268 ,1.487584 , -0.810937 ,13.245464 , 27.314880 ,49.410568 
143.000000 , 7.799915 , 0.426551 ,-2.156262 , 8.813830 ,1.502313 , -0.793885 ,13.276782 , 27.411244 ,49.407846 
144.000000 , 7.843925 , 0.434100 ,-2.160189 , 8.790478 ,1.517057 , -0.776787 ,13.308179 , 27.506338 ,49.405121 
145.000000 , 7.887820 , 0.441722 ,-2.164030 , 8.767211 ,1.531814 , -0.759644 ,13.339656 , 27.600192 ,49.402395 
146.000000 , 7.931598 , 0.449418 ,-2.167785 , 8.744027 ,1.546586 , -0.742457 ,13.371166 , 27.692759 ,49.399650 
147.000000 , 7.975260 , 0.457188 ,-2.171454 , 8.720925 ,1.561370 , -0.725228 ,13.402682 , 27.784033 ,49.396875 
148.000000 , 8.018807 , 0.465032 ,-2.175037 , 8.697906 ,1.576168 , -0.707956 ,13.434192 , 27.874045 ,49.394068 
149.000000 , 8.062239 , 0.472950 ,-2.178534 , 8.674969 ,1.590978 , -0.690644 ,13.465707 , 27.962866 ,49.391237 
150.000000 , 8.105557 , 0.480942 ,-2.181944 , 8.652113 ,1.605799 , -0.673290 ,13.497255 , 28.050606 ,49.388397 
151.000000 , 8.148760 , 0.489008 ,-2.185267 , 8.629337 ,1.620632 , -0.655897 ,13.528879 , 28.137252 ,49.385564 
152.000000 , 8.191850 , 0.497148 ,-2.188503 , 8.606641 ,1.635475 , -0.638464 ,13.560608 , 28.222753 ,49.382750 
153.000000 , 8.234827 , 0.505362 ,-2.191651 , 8.584024 ,1.650330 , -0.620994 ,13.592456 , 28.307122 ,49.379964 
154.000000 , 8.277691 , 0.513651 ,-2.194713 , 8.561484 ,1.665195 , -0.603486 ,13.624427 , 28.390348 ,49.377206 
155.000000 , 8.320442 , 0.522014 ,-2.197686 , 8.539022 ,1.680071 , -0.585941 ,13.656508 , 28.472389 ,49.374473 
156.000000 , 8.363081 , 0.530452 ,-2.200572 , 8.516637 ,1.694956 , -0.568362 ,13.688677 , 28.553182 ,49.371754 
157.000000 , 8.405608 , 0.538964 ,-2.203370 , 8.494328 ,1.709851 , -0.550748 ,13.720897 , 28.632753 ,49.369038 
158.000000 , 8.448024 , 0.547550 ,-2.206079 , 8.472094 ,1.724756 , -0.533101 ,13.753116 , 28.711120 ,49.366305 
159.000000 , 8.490330 , 0.556211 ,-2.208701 , 8.449935 ,1.739669 , -0.515421 ,13.785294 , 28.788268 ,49.363539 
160.000000 , 8.532524 , 0.564947 ,-2.211233 , 8.427849 ,1.754592 , -0.497710 ,13.817406 , 28.864226 ,49.360732 
161.000000 , 8.574608 , 0.573757 ,-2.213678 , 8.405837 ,1.769522 , -0.479967 ,13.849447 , 28.939075 ,49.357886 
162.000000 , 8.616582 , 0.582642 ,-2.216033 , 8.383898 ,1.784461 , -0.462193 ,13.881431 , 29.012931 ,49.355009 
163.000000 , 8.658447 , 0.591602 ,-2.218300 , 8.362031 ,1.799406 , -0.444389 ,13.913418 , 29.085783 ,49.352129 
164.000000 , 8.700203 , 0.600636 ,-2.220477 , 8.340236 ,1.814359 , -0.426556 ,13.945437 , 29.157636 ,49.349256 
165.000000 , 8.741850 , 0.609746 ,-2.222565 , 8.318512 ,1.829320 , -0.408693 ,13.977506 , 29.228503 ,49.346400 
166.000000 , 8.783388 , 0.618930 ,-2.224564 , 8.296859 ,1.844286 , -0.390803 ,14.009647 , 29.298360 ,49.343571 
167.000000 , 8.824818 , 0.628189 ,-2.226473 , 8.275275 ,1.859260 , -0.372885 ,14.041888 , 29.367145 ,49.340780 
168.000000 , 8.866141 , 0.637522 ,-2.228293 , 8.253759 ,1.874241 , -0.354942 ,14.074223 , 29.434807 ,49.338025 
169.000000 , 8.907356 , 0.646931 ,-2.230022 , 8.232312 ,1.889228 , -0.336973 ,14.106591 , 29.501342 ,49.335281 
170.000000 , 8.948464 , 0.656415 ,-2.231662 , 8.210933 ,1.904221 , -0.318981 ,14.138957 , 29.566731 ,49.332534 
171.000000 , 8.989466 , 0.665973 ,-2.233212 , 8.189621 ,1.919221 , -0.300964 ,14.171279 , 29.630992 ,49.329770 
172.000000 , 9.030361 , 0.675607 ,-2.234672 , 8.168375 ,1.934226 , -0.282925 ,14.203509 , 29.694180 ,49.326971 
173.000000 , 9.071149 , 0.685315 ,-2.236041 , 8.147195 ,1.949237 , -0.264863 ,14.235647 , 29.756350 ,49.324138 
174.000000 , 9.111833 , 0.695099 ,-2.237320 , 8.126080 ,1.964253 , -0.246780 ,14.267688 , 29.817537 ,49.321273 
175.000000 , 9.152410 , 0.704958 ,-2.238509 , 8.105030 ,1.979274 , -0.228675 ,14.299631 , 29.877776 ,49.318375 
176.000000 , 9.192883 , 0.714892 ,-2.239607 , 8.084044 ,1.994300 , -0.210550 ,14.331506 , 29.937096 ,49.315461 
177.000000 , 9.233251 , 0.724901 ,-2.240615 , 8.063122 ,2.009330 , -0.192405 ,14.363380 , 29.995518 ,49.312559 
178.000000 , 9.273514 , 0.734985 ,-2.241531 , 8.042263 ,2.024365 , -0.174240 ,14.395272 , 30.053014 ,49.309677 
179.000000 , 9.313674 , 0.745145 ,-2.242357 , 8.021467 ,2.039404 , -0.156057 ,14.427194 , 30.109570 ,49.306822 
180.000000 , 9.353729 , 0.755379 ,-2.243092 , 8.000732 ,2.054447 , -0.137856 ,14.459152 , 30.165169 ,49.303997 
181.000000 , 9.393681 , 0.765689 ,-2.243736 , 7.980059 ,2.069495 , -0.119638 ,14.491132 , 30.219783 ,49.301196 
182.000000 , 9.433530 , 0.776074 ,-2.244288 , 7.959445 ,2.084547 , -0.101404 ,14.523098 , 30.273380 ,49.298406 
183.000000 , 9.473276 , 0.786535 ,-2.244750 , 7.938892 ,2.099604 , -0.083155 ,14.555020 , 30.325991 ,49.295614 
184.000000 , 9.512919 , 0.797070 ,-2.245120 , 7.918399 ,2.114664 , -0.064891 ,14.586867 , 30.377599 ,49.292809 
185.000000 , 9.552460 , 0.807681 ,-2.245398 , 7.897964 ,2.129728 , -0.046613 ,14.618613 , 30.428199 ,49.289980 
186.000000 , 9.591899 , 0.818368 ,-2.245586 , 7.877587 ,2.144795 , -0.028322 ,14.650235 , 30.477825 ,49.287119 
187.000000 , 9.631236 , 0.829129 ,-2.245682 , 7.857268 ,2.159867 , -0.010018 ,14.681720 , 30.526551 ,49.284223 
188.000000 , 9.670471 , 0.839966 ,-2.245686 , 7.837006 ,2.174941 , 0.008298 ,14.713071 , 30.574456 ,49.281298 
189.000000 , 9.709606 , 0.850879 ,-2.245599 , 7.816801 ,2.190018 , 0.026627 ,14.744343 , 30.621529 ,49.278365 
190.000000 , 9.748639 , 0.861866 ,-2.245420 , 7.796653 ,2.205099 , 0.044966 ,14.775544 , 30.667793 ,49.275432 
191.000000 , 9.787572 , 0.872930 ,-2.245149 , 7.776560 ,2.220182 , 0.063317 ,14.806695 , 30.713253 ,49.272508 
192.000000 , 9.826405 , 0.884068 ,-2.244786 , 7.756522 ,2.235269 , 0.081677 ,14.837824 , 30.757888 ,49.269605 
193.000000 , 9.865138 , 0.895282 ,-2.244332 , 7.736538 ,2.250358 , 0.100047 ,14.868966 , 30.801649 ,49.266740 
194.000000 , 9.903771 , 0.906572 ,-2.243786 , 7.716609 ,2.265451 , 0.118425 ,14.900091 , 30.844517 ,49.263899 
195.000000 , 9.942304 , 0.917937 ,-2.243148 , 7.696732 ,2.280546 , 0.136810 ,14.931173 , 30.886468 ,49.261073 
196.000000 , 9.980738 , 0.929377 ,-2.242418 , 7.676909 ,2.295644 , 0.155203 ,14.962187 , 30.927493 ,49.258250 
197.000000 , 10.019073 , 0.940893 ,-2.241596 , 7.657137 ,2.310746 , 0.173602 ,14.993091 , 30.967607 ,49.255414 
198.000000 , 10.057309 , 0.952485 ,-2.240682 , 7.637418 ,2.325850 , 0.192006 ,15.023843 , 31.006849 ,49.252548 
199.000000 , 10.095447 , 0.964152 ,-2.239676 , 7.617749 ,2.340957 , 0.210416 ,15.054447 , 31.045256 ,49.249655 
200.000000 , 10.133487 , 0.975894 ,-2.238578 , 7.598131 ,2.356066 , 0.228831 ,15.084881 , 31.082855 ,49.246729 
201.000000 , 10.171429 , 0.987712 ,-2.237387 , 7.578564 ,2.371178 , 0.247250 ,15.115146 , 31.119675 ,49.243769 
202.000000 , 10.209273 , 0.999606 ,-2.236105 , 7.559046 ,2.386292 , 0.265672 ,15.145272 , 31.155752 ,49.240792 
203.000000 , 10.247019 , 1.011575 ,-2.234731 , 7.539577 ,2.401409 , 0.284097 ,15.175313 , 31.191113 ,49.237822 
204.000000 , 10.284669 , 1.023620 ,-2.233264 , 7.520157 ,2.416528 , 0.302525 ,15.205281 , 31.225732 ,49.234866 
205.000000 , 10.322221 , 1.035741 ,-2.231705 , 7.500785 ,2.431649 , 0.320955 ,15.235192 , 31.259608 ,49.231932 
206.000000 , 10.359677 , 1.047937 ,-2.230055 , 7.481461 ,2.446773 , 0.339387 ,15.265053 , 31.292727 ,49.229023 
207.000000 , 10.397036 , 1.060208 ,-2.228312 , 7.462184 ,2.461899 , 0.357819 ,15.294857 , 31.325061 ,49.226137 
208.000000 , 10.434298 , 1.072556 ,-2.226476 , 7.442953 ,2.477028 , 0.376250 ,15.324581 , 31.356575 ,49.223264 
209.000000 , 10.471465 , 1.084979 ,-2.224549 , 7.423768 ,2.492159 , 0.394681 ,15.354196 , 31.387288 ,49.220391 
210.000000 , 10.508536 , 1.097477 ,-2.222530 , 7.404629 ,2.507293 , 0.413111 ,15.383674 , 31.417187 ,49.217507 
211.000000 , 10.545512 , 1.110052 ,-2.220418 , 7.385535 ,2.522429 , 0.431538 ,15.412993 , 31.446278 ,49.214603 
212.000000 , 10.582392 , 1.122702 ,-2.218214 , 7.366485 ,2.537568 , 0.449963 ,15.442133 , 31.474594 ,49.211671 
213.000000 , 10.619176 , 1.135427 ,-2.215918 , 7.347479 ,2.552709 , 0.468385 ,15.471075 , 31.502201 ,49.208705 
214.000000 , 10.655866 , 1.148229 ,-2.213530 , 7.328516 ,2.567853 , 0.486804 ,15.499842 , 31.529132 ,49.205717 
215.000000 , 10.692462 , 1.161106 ,-2.211050 , 7.309597 ,2.582998 , 0.505218 ,15.528453 , 31.555401 ,49.202717 
216.000000 , 10.728963 , 1.174059 ,-2.208478 , 7.290720 ,2.598146 , 0.523628 ,15.556912 , 31.581029 ,49.199707 
217.000000 , 10.765369 , 1.187087 ,-2.205814 , 7.271885 ,2.613297 , 0.542033 ,15.585243 , 31.606020 ,49.196699 
218.000000 , 10.801681 , 1.200192 ,-2.203058 , 7.253092 ,2.628449 , 0.560433 ,15.613484 , 31.630359 ,49.193712 
219.000000 , 10.837900 , 1.213372 ,-2.200210 , 7.234340 ,2.643604 , 0.578826 ,15.641659 , 31.654017 ,49.190756 
220.000000 , 10.874025 , 1.226628 ,-2.197270 , 7.215629 ,2.658762 , 0.597212 ,15.669740 , 31.676974 ,49.187819 
221.000000 , 10.910056 , 1.239959 ,-2.194238 , 7.196957 ,2.673922 , 0.615591 ,15.697722 , 31.699209 ,49.184899 
222.000000 , 10.945995 , 1.253367 ,-2.191114 , 7.178325 ,2.689085 , 0.633962 ,15.725582 , 31.720718 ,49.181986 
223.000000 , 10.981840 , 1.266850 ,-2.187898 , 7.159732 ,2.704250 , 0.652325 ,15.753279 , 31.741506 ,49.179062 
224.000000 , 11.017592 , 1.280409 ,-2.184591 , 7.141178 ,2.719419 , 0.670678 ,15.780786 , 31.761602 ,49.176116 
225.000000 , 11.053252 , 1.294044 ,-2.181191 , 7.122661 ,2.734589 , 0.689021 ,15.808097 , 31.781031 ,49.173147 
226.000000 , 11.088819 , 1.307755 ,-2.177700 , 7.104182 ,2.749763 , 0.707354 ,15.835189 , 31.799808 ,49.170143 
227.000000 , 11.124293 , 1.321542 ,-2.174118 , 7.085741 ,2.764938 , 0.725676 ,15.862061 , 31.817962 ,49.167106 
228.000000 , 11.159676 , 1.335405 ,-2.170444 , 7.067336 ,2.780117 , 0.743987 ,15.888739 , 31.835534 ,49.164051 
229.000000 , 11.194967 , 1.349343 ,-2.166678 , 7.048967 ,2.795298 , 0.762287 ,15.915262 , 31.852561 ,49.160995 
230.000000 , 11.230166 , 1.363358 ,-2.162821 , 7.030635 ,2.810481 , 0.780574 ,15.941649 , 31.869023 ,49.157949 
231.000000 , 11.265273 , 1.377448 ,-2.158872 , 7.012337 ,2.825667 , 0.798849 ,15.967918 , 31.884916 ,49.154921 
232.000000 , 11.300289 , 1.391614 ,-2.154832 , 6.994075 ,2.840856 , 0.817111 ,15.994075 , 31.900222 ,49.151915 
233.000000 , 11.335214 , 1.405857 ,-2.150701 , 6.975847 ,2.856048 , 0.835359 ,16.020117 , 31.914913 ,49.148929 
234.000000 , 11.370048 , 1.420175 ,-2.146479 , 6.957652 ,2.871243 , 0.853593 ,16.046026 , 31.928976 ,49.145954 
235.000000 , 11.404791 , 1.434569 ,-2.142165 , 6.939491 ,2.886440 , 0.871812 ,16.071781 , 31.942403 ,49.142982 
236.000000 , 11.439443 , 1.449039 ,-2.137761 , 6.921363 ,2.901641 , 0.890015 ,16.097364 , 31.955192 ,49.140004 
237.000000 , 11.474004 , 1.463585 ,-2.133265 , 6.903268 ,2.916845 , 0.908202 ,16.122749 , 31.967359 ,49.137009 
238.000000 , 11.508475 , 1.478208 ,-2.128679 , 6.885204 ,2.932051 , 0.926373 ,16.147912 , 31.978940 ,49.133987 
239.000000 , 11.542856 , 1.492906 ,-2.124001 , 6.867172 ,2.947261 , 0.944526 ,16.172862 , 31.989967 ,49.130943 
240.000000 , 11.577147 , 1.507680 ,-2.119233 , 6.849171 ,2.962473 , 0.962663 ,16.197592 , 32.000460 ,49.127874 
241.000000 , 11.611348 , 1.522531 ,-2.114375 , 6.831201 ,2.977689 , 0.980781 ,16.222103 , 32.010439 ,49.124782 
242.000000 , 11.645459 , 1.537457 ,-2.109426 , 6.813261 ,2.992907 , 0.998881 ,16.246414 , 32.019921 ,49.121677 
243.000000 , 11.679481 , 1.552460 ,-2.104386 , 6.795351 ,3.008129 , 1.016963 ,16.270567 , 32.028923 ,49.118579 
244.000000 , 11.713413 , 1.567538 ,-2.099256 , 6.777471 ,3.023353 , 1.035025 ,16.294583 , 32.037431 ,49.115499 
245.000000 , 11.747256 , 1.582693 ,-2.094036 , 6.759619 ,3.038581 , 1.053068 ,16.318462 , 32.045427 ,49.112436 
246.000000 , 11.781009 , 1.597924 ,-2.088725 , 6.741796 ,3.053812 , 1.071091 ,16.342208 , 32.052898 ,49.109393 
247.000000 , 11.814674 , 1.613231 ,-2.083325 , 6.724001 ,3.069046 , 1.089092 ,16.365807 , 32.059828 ,49.106364 
248.000000 , 11.848249 , 1.628615 ,-2.077834 , 6.706233 ,3.084283 , 1.107073 ,16.389236 , 32.066206 ,49.103336 
249.000000 , 11.881736 , 1.644074 ,-2.072254 , 6.688493 ,3.099524 , 1.125031 ,16.412475 , 32.072041 ,49.100301 
250.000000 , 11.915134 , 1.659610 ,-2.066584 , 6.670779 ,3.114768 , 1.142967 ,16.435505 , 32.077338 ,49.097250 
251.000000 , 11.948444 , 1.675222 ,-2.060825 , 6.653092 ,3.130016 , 1.160881 ,16.458311 , 32.082118 ,49.094176 
252.000000 , 11.981665 , 1.690910 ,-2.054975 , 6.635430 ,3.145266 , 1.178771 ,16.480887 , 32.086417 ,49.091079 
253.000000 , 12.014798 , 1.706675 ,-2.049037 , 6.617794 ,3.160521 , 1.196637 ,16.503242 , 32.090255 ,49.087962 
254.000000 , 12.047843 , 1.722515 ,-2.043009 , 6.600183 ,3.175778 , 1.214480 ,16.525380 , 32.093654 ,49.084828 
255.000000 , 12.080800 , 1.738432 ,-2.036892 , 6.582596 ,3.191039 , 1.232297 ,16.547317 , 32.096628 ,49.081685 
256.000000 , 12.113669 , 1.754426 ,-2.030686 , 6.565034 ,3.206303 , 1.250091 ,16.569075 , 32.099178 ,49.078545 
257.000000 , 12.146450 , 1.770495 ,-2.024391 , 6.547496 ,3.221570 , 1.267858 ,16.590668 , 32.101300 ,49.075414 
258.000000 , 12.179144 , 1.786641 ,-2.018008 , 6.529981 ,3.236841 , 1.285600 ,16.612104 , 32.102987 ,49.072296 
259.000000 , 12.211750 , 1.802864 ,-2.011535 , 6.512489 ,3.252116 , 1.303316 ,16.633381 , 32.104226 ,49.069190 
260.000000 , 12.244269 , 1.819163 ,-2.004975 , 6.495019 ,3.267393 , 1.321005 ,16.654491 , 32.105007 ,49.066093 
261.000000 , 12.276700 , 1.835538 ,-1.998325 , 6.477572 ,3.282675 , 1.338667 ,16.675424 , 32.105327 ,49.062998 
262.000000 , 12.309045 , 1.851989 ,-1.991588 , 6.460146 ,3.297960 , 1.356301 ,16.696163 , 32.105185 ,49.059898 
263.000000 , 12.341302 , 1.868517 ,-1.984762 , 6.442741 ,3.313248 , 1.373906 ,16.716695 , 32.104593 ,49.056788 
264.000000 , 12.373472 , 1.885122 ,-1.977849 , 6.425358 ,3.328540 , 1.391484 ,16.737009 , 32.103568 ,49.053661 
265.000000 , 12.405556 , 1.901803 ,-1.970848 , 6.407995 ,3.343835 , 1.409032 ,16.757098 , 32.102127 ,49.050515 
266.000000 , 12.437552 , 1.918560 ,-1.963759 , 6.390652 ,3.359134 , 1.426550 ,16.776965 , 32.100289 ,49.047351 
267.000000 , 12.469462 , 1.935394 ,-1.956582 , 6.373328 ,3.374437 , 1.444039 ,16.796619 , 32.098071 ,49.044174 
268.000000 , 12.501285 , 1.952305 ,-1.949318 , 6.356024 ,3.389742 , 1.461498 ,16.816069 , 32.095486 ,49.040990 
269.000000 , 12.533022 , 1.969292 ,-1.941967 , 6.338739 ,3.405052 , 1.478926 ,16.835326 , 32.092539 ,49.037803 
270.000000 , 12.564673 , 1.986355 ,-1.934529 , 6.321473 ,3.420364 , 1.496323 ,16.854402 , 32.089230 ,49.034619 
271.000000 , 12.596237 , 2.003495 ,-1.927004 , 6.304225 ,3.435680 , 1.513689 ,16.873300 , 32.085552 ,49.031440 
272.000000 , 12.627715 , 2.020712 ,-1.919392 , 6.286994 ,3.451000 , 1.531023 ,16.892028 , 32.081505 ,49.028269 
273.000000 , 12.659107 , 2.038005 ,-1.911694 , 6.269781 ,3.466322 , 1.548325 ,16.910585 , 32.077086 ,49.025106 
274.000000 , 12.690413 , 2.055375 ,-1.903909 , 6.252585 ,3.481649 , 1.565594 ,16.928965 , 32.072289 ,49.021948 
275.000000 , 12.721633 , 2.072822 ,-1.896038 , 6.235406 ,3.496978 , 1.582830 ,16.947155 , 32.067107 ,49.018787 
276.000000 , 12.752767 , 2.090345 ,-1.888081 , 6.218243 ,3.512311 , 1.600032 ,16.965143 , 32.061549 ,49.015618 
277.000000 , 12.783815 , 2.107945 ,-1.880038 , 6.201096 ,3.527648 , 1.617200 ,16.982921 , 32.055625 ,49.012437 
278.000000 , 12.814778 , 2.125621 ,-1.871909 , 6.183964 ,3.542988 , 1.634334 ,17.000480 , 32.049346 ,49.009239 
279.000000 , 12.845655 , 2.143375 ,-1.863694 , 6.166847 ,3.558331 , 1.651434 ,17.017822 , 32.042732 ,49.006025 
280.000000 , 12.876447 , 2.161205 ,-1.855395 , 6.149745 ,3.573677 , 1.668498 ,17.034953 , 32.035804 ,49.002799 
281.000000 , 12.907153 , 2.179111 ,-1.847010 , 6.132658 ,3.589026 , 1.685527 ,17.051882 , 32.028567 ,48.999564 
282.000000 , 12.937773 , 2.197095 ,-1.838539 , 6.115585 ,3.604378 , 1.702520 ,17.068614 , 32.021033 ,48.996325 
283.000000 , 12.968308 , 2.215155 ,-1.829984 , 6.098525 ,3.619734 , 1.719477 ,17.085160 , 32.013204 ,48.993084 
284.000000 , 12.998758 , 2.233292 ,-1.821345 , 6.081479 ,3.635092 , 1.736398 ,17.101533 , 32.005076 ,48.989849 
285.000000 , 13.029123 , 2.251506 ,-1.812620 , 6.064446 ,3.650454 , 1.753281 ,17.117731 , 31.996644 ,48.986618 
286.000000 , 13.059403 , 2.269797 ,-1.803812 , 6.047426 ,3.665818 , 1.770128 ,17.133756 , 31.987904 ,48.983393 
287.000000 , 13.089598 , 2.288164 ,-1.794919 , 6.030418 ,3.681185 , 1.786937 ,17.149611 , 31.978857 ,48.980173 
288.000000 , 13.119707 , 2.306609 ,-1.785943 , 6.013422 ,3.696556 , 1.803708 ,17.165286 , 31.969500 ,48.976953 
289.000000 , 13.149732 , 2.325130 ,-1.776882 , 5.996438 ,3.711928 , 1.820440 ,17.180770 , 31.959834 ,48.973728 
290.000000 , 13.179672 , 2.343728 ,-1.767738 , 5.979465 ,3.727304 , 1.837134 ,17.196050 , 31.949864 ,48.970490 
291.000000 , 13.209526 , 2.362403 ,-1.758511 , 5.962503 ,3.742683 , 1.853789 ,17.211125 , 31.939608 ,48.967239 
292.000000 , 13.239297 , 2.381155 ,-1.749200 , 5.945551 ,3.758064 , 1.870404 ,17.225992 , 31.929079 ,48.963973 
